100
3
2 0
2 2
1 3
1
5 0
13
87178291200 1
43589145600 2
14529715200 3
3632428801 4
726485760 5
121080960 6
17297280 7
2162160 8
240240 9
24024 10
2184 11
182 12
14 13
14
10000000 0
87178291200 1
43589145600 2
14529715200 3
3632428800 4
726485760 5
121080960 6
17297280 7
2162160 8
240240 9
24024 10
2184 11
182 12
14 13
13
87178291201 1
43589145600 2
14529715200 3
3632428800 4
726485760 5
121080960 6
17297280 7
2162160 8
240240 9
24024 10
2184 11
182 12
14 13
15
637326436700 47
131424934682 73
882956867196 110
785399533156 246
88950074993 426
768024410989 483
928670402553 503
470169253344 573
364698342489 603
808812761294 625
54944496366 631
244082322404 739
624640500335 801
498193649602 874
277356655986 896
13
87178291200 1
43589145600 2
14529715200 3
3632428800 4
726485760 5
121080960 6
17297280 7
2162160 8
240240 9
24024 10
2184 11
91 12
14 13
1
1000000000000 1000
13
87178291200 1
43589145600 2
14529715200 3
3632428800 4
726485759 5
121080960 6
17297280 7
2162160 8
240240 9
24024 10
2184 11
182 12
14 13
13
87178291200 1
43589145600 2
14529715200 3
3632428800 4
726485760 5
121080960 6
17297280 7
2162159 8
240240 9
24024 10
2184 11
182 12
14 13
47
621 7
421 15
346 33
304 64
196 66
415 80
168 91
312 95
406 161
952 176
173 198
408 272
339 284
993 311
245 314
913 326
717 331
117 347
641 350
147 351
262 355
307 362
978 369
107 395
701 413
792 420
263 424
556 446
179 487
826 507
398 508
376 515
909 582
479 744
154 748
146 795
606 814
116 840
986 858
781 861
216 863
776 887
900 910
418 938
660 941
814 994
299 996
13
87178291200 1
43589145600 2
14529715200 3
3632428800 4
726485760 5
121080961 6
17297280 7
2162160 8
240240 9
24024 10
2184 11
182 12
14 13
13
87178291200 1
43589145600 2
14529715200 3
1816214400 4
726485760 5
121080960 6
17297280 7
2162160 8
240240 9
24024 10
2184 11
182 12
14 13
1
144 894
13
87178291200 1
43589145600 2
14529715200 3
3632428800 4
726485760 5
121080960 6
17297280 7
2162160 8
240240 9
24024 10
1092 11
182 12
14 13
13
87178291200 1
43589145599 2
14529715200 3
3632428800 4
726485760 5
121080960 6
17297280 7
2162160 8
240240 9
24024 10
2184 11
182 12
14 13
7
369 68
660 87
523 296
761 359
513 618
839 732
70 815
14
1000000000 0
87178291200 1
43589145600 2
14529715200 3
3632428800 4
726485760 5
121080960 6
17297280 7
2162160 8
240240 9
24024 10
2184 11
182 12
14 13
13
174356582400 1
43589145600 2
14529715200 3
3632428800 4
726485760 5
121080960 6
17297280 7
2162160 8
240240 9
24024 10
2184 11
182 12
14 13
21
386 62
838 133
263 160
170 199
749 371
331 379
780 427
969 487
147 534
210 569
375 585
260 603
798 650
477 655
218 665
524 773
747 798
118 805
480 812
41 914
595 951
26
538 1
85 28
133 36
440 46
180 53
276 76
23 99
525 127
913 137
868 204
812 219
30 250
935 261
89 352
40 379
262 385
769 533
940 545
543 555
32 587
196 588
352 856
207 864
25 937
782 941
315 967
1000
1000000000000 1
1000000000000 2
1000000000000 3
1000000000000 4
1000000000000 5
1000000000000 6
1000000000000 7
1000000000000 8
1000000000000 9
1000000000000 10
1000000000000 11
1000000000000 12
1000000000000 13
1000000000000 14
1000000000000 15
1000000000000 16
1000000000000 17
1000000000000 18
1000000000000 19
1000000000000 20
1000000000000 21
1000000000000 22
1000000000000 23
1000000000000 24
1000000000000 25
1000000000000 26
1000000000000 27
1000000000000 28
1000000000000 29
1000000000000 30
1000000000000 31
1000000000000 32
1000000000000 33
1000000000000 34
1000000000000 35
1000000000000 36
1000000000000 37
1000000000000 38
1000000000000 39
1000000000000 40
1000000000000 41
1000000000000 42
1000000000000 43
1000000000000 44
1000000000000 45
1000000000000 46
1000000000000 47
1000000000000 48
1000000000000 49
1000000000000 50
1000000000000 51
1000000000000 52
1000000000000 53
1000000000000 54
1000000000000 55
1000000000000 56
1000000000000 57
1000000000000 58
1000000000000 59
1000000000000 60
1000000000000 61
1000000000000 62
1000000000000 63
1000000000000 64
1000000000000 65
1000000000000 66
1000000000000 67
1000000000000 68
1000000000000 69
1000000000000 70
1000000000000 71
1000000000000 72
1000000000000 73
1000000000000 74
1000000000000 75
1000000000000 76
1000000000000 77
1000000000000 78
1000000000000 79
1000000000000 80
1000000000000 81
1000000000000 82
1000000000000 83
1000000000000 84
1000000000000 85
1000000000000 86
1000000000000 87
1000000000000 88
1000000000000 89
1000000000000 90
1000000000000 91
1000000000000 92
1000000000000 93
1000000000000 94
1000000000000 95
1000000000000 96
1000000000000 97
1000000000000 98
1000000000000 99
1000000000000 100
1000000000000 101
1000000000000 102
1000000000000 103
1000000000000 104
1000000000000 105
1000000000000 106
1000000000000 107
1000000000000 108
1000000000000 109
1000000000000 110
1000000000000 111
1000000000000 112
1000000000000 113
1000000000000 114
1000000000000 115
1000000000000 116
1000000000000 117
1000000000000 118
1000000000000 119
1000000000000 120
1000000000000 121
1000000000000 122
1000000000000 123
1000000000000 124
1000000000000 125
1000000000000 126
1000000000000 127
1000000000000 128
1000000000000 129
1000000000000 130
1000000000000 131
1000000000000 132
1000000000000 133
1000000000000 134
1000000000000 135
1000000000000 136
1000000000000 137
1000000000000 138
1000000000000 139
1000000000000 140
1000000000000 141
1000000000000 142
1000000000000 143
1000000000000 144
1000000000000 145
1000000000000 146
1000000000000 147
1000000000000 148
1000000000000 149
1000000000000 150
1000000000000 151
1000000000000 152
1000000000000 153
1000000000000 154
1000000000000 155
1000000000000 156
1000000000000 157
1000000000000 158
1000000000000 159
1000000000000 160
1000000000000 161
1000000000000 162
1000000000000 163
1000000000000 164
1000000000000 165
1000000000000 166
1000000000000 167
1000000000000 168
1000000000000 169
1000000000000 170
1000000000000 171
1000000000000 172
1000000000000 173
1000000000000 174
1000000000000 175
1000000000000 176
1000000000000 177
1000000000000 178
1000000000000 179
1000000000000 180
1000000000000 181
1000000000000 182
1000000000000 183
1000000000000 184
1000000000000 185
1000000000000 186
1000000000000 187
1000000000000 188
1000000000000 189
1000000000000 190
1000000000000 191
1000000000000 192
1000000000000 193
1000000000000 194
1000000000000 195
1000000000000 196
1000000000000 197
1000000000000 198
1000000000000 199
1000000000000 200
1000000000000 201
1000000000000 202
1000000000000 203
1000000000000 204
1000000000000 205
1000000000000 206
1000000000000 207
1000000000000 208
1000000000000 209
1000000000000 210
1000000000000 211
1000000000000 212
1000000000000 213
1000000000000 214
1000000000000 215
1000000000000 216
1000000000000 217
1000000000000 218
1000000000000 219
1000000000000 220
1000000000000 221
1000000000000 222
1000000000000 223
1000000000000 224
1000000000000 225
1000000000000 226
1000000000000 227
1000000000000 228
1000000000000 229
1000000000000 230
1000000000000 231
1000000000000 232
1000000000000 233
1000000000000 234
1000000000000 235
1000000000000 236
1000000000000 237
1000000000000 238
1000000000000 239
1000000000000 240
1000000000000 241
1000000000000 242
1000000000000 243
1000000000000 244
1000000000000 245
1000000000000 246
1000000000000 247
1000000000000 248
1000000000000 249
1000000000000 250
1000000000000 251
1000000000000 252
1000000000000 253
1000000000000 254
1000000000000 255
1000000000000 256
1000000000000 257
1000000000000 258
1000000000000 259
1000000000000 260
1000000000000 261
1000000000000 262
1000000000000 263
1000000000000 264
1000000000000 265
1000000000000 266
1000000000000 267
1000000000000 268
1000000000000 269
1000000000000 270
1000000000000 271
1000000000000 272
1000000000000 273
1000000000000 274
1000000000000 275
1000000000000 276
1000000000000 277
1000000000000 278
1000000000000 279
1000000000000 280
1000000000000 281
1000000000000 282
1000000000000 283
1000000000000 284
1000000000000 285
1000000000000 286
1000000000000 287
1000000000000 288
1000000000000 289
1000000000000 290
1000000000000 291
1000000000000 292
1000000000000 293
1000000000000 294
1000000000000 295
1000000000000 296
1000000000000 297
1000000000000 298
1000000000000 299
1000000000000 300
1000000000000 301
1000000000000 302
1000000000000 303
1000000000000 304
1000000000000 305
1000000000000 306
1000000000000 307
1000000000000 308
1000000000000 309
1000000000000 310
1000000000000 311
1000000000000 312
1000000000000 313
1000000000000 314
1000000000000 315
1000000000000 316
1000000000000 317
1000000000000 318
1000000000000 319
1000000000000 320
1000000000000 321
1000000000000 322
1000000000000 323
1000000000000 324
1000000000000 325
1000000000000 326
1000000000000 327
1000000000000 328
1000000000000 329
1000000000000 330
1000000000000 331
1000000000000 332
1000000000000 333
1000000000000 334
1000000000000 335
1000000000000 336
1000000000000 337
1000000000000 338
1000000000000 339
1000000000000 340
1000000000000 341
1000000000000 342
1000000000000 343
1000000000000 344
1000000000000 345
1000000000000 346
1000000000000 347
1000000000000 348
1000000000000 349
1000000000000 350
1000000000000 351
1000000000000 352
1000000000000 353
1000000000000 354
1000000000000 355
1000000000000 356
1000000000000 357
1000000000000 358
1000000000000 359
1000000000000 360
1000000000000 361
1000000000000 362
1000000000000 363
1000000000000 364
1000000000000 365
1000000000000 366
1000000000000 367
1000000000000 368
1000000000000 369
1000000000000 370
1000000000000 371
1000000000000 372
1000000000000 373
1000000000000 374
1000000000000 375
1000000000000 376
1000000000000 377
1000000000000 378
1000000000000 379
1000000000000 380
1000000000000 381
1000000000000 382
1000000000000 383
1000000000000 384
1000000000000 385
1000000000000 386
1000000000000 387
1000000000000 388
1000000000000 389
1000000000000 390
1000000000000 391
1000000000000 392
1000000000000 393
1000000000000 394
1000000000000 395
1000000000000 396
1000000000000 397
1000000000000 398
1000000000000 399
1000000000000 400
1000000000000 401
1000000000000 402
1000000000000 403
1000000000000 404
1000000000000 405
1000000000000 406
1000000000000 407
1000000000000 408
1000000000000 409
1000000000000 410
1000000000000 411
1000000000000 412
1000000000000 413
1000000000000 414
1000000000000 415
1000000000000 416
1000000000000 417
1000000000000 418
1000000000000 419
1000000000000 420
1000000000000 421
1000000000000 422
1000000000000 423
1000000000000 424
1000000000000 425
1000000000000 426
1000000000000 427
1000000000000 428
1000000000000 429
1000000000000 430
1000000000000 431
1000000000000 432
1000000000000 433
1000000000000 434
1000000000000 435
1000000000000 436
1000000000000 437
1000000000000 438
1000000000000 439
1000000000000 440
1000000000000 441
1000000000000 442
1000000000000 443
1000000000000 444
1000000000000 445
1000000000000 446
1000000000000 447
1000000000000 448
1000000000000 449
1000000000000 450
1000000000000 451
1000000000000 452
1000000000000 453
1000000000000 454
1000000000000 455
1000000000000 456
1000000000000 457
1000000000000 458
1000000000000 459
1000000000000 460
1000000000000 461
1000000000000 462
1000000000000 463
1000000000000 464
1000000000000 465
1000000000000 466
1000000000000 467
1000000000000 468
1000000000000 469
1000000000000 470
1000000000000 471
1000000000000 472
1000000000000 473
1000000000000 474
1000000000000 475
1000000000000 476
1000000000000 477
1000000000000 478
1000000000000 479
1000000000000 480
1000000000000 481
1000000000000 482
1000000000000 483
1000000000000 484
1000000000000 485
1000000000000 486
1000000000000 487
1000000000000 488
1000000000000 489
1000000000000 490
1000000000000 491
1000000000000 492
1000000000000 493
1000000000000 494
1000000000000 495
1000000000000 496
1000000000000 497
1000000000000 498
1000000000000 499
1000000000000 500
1000000000000 501
1000000000000 502
1000000000000 503
1000000000000 504
1000000000000 505
1000000000000 506
1000000000000 507
1000000000000 508
1000000000000 509
1000000000000 510
1000000000000 511
1000000000000 512
1000000000000 513
1000000000000 514
1000000000000 515
1000000000000 516
1000000000000 517
1000000000000 518
1000000000000 519
1000000000000 520
1000000000000 521
1000000000000 522
1000000000000 523
1000000000000 524
1000000000000 525
1000000000000 526
1000000000000 527
1000000000000 528
1000000000000 529
1000000000000 530
1000000000000 531
1000000000000 532
1000000000000 533
1000000000000 534
1000000000000 535
1000000000000 536
1000000000000 537
1000000000000 538
1000000000000 539
1000000000000 540
1000000000000 541
1000000000000 542
1000000000000 543
1000000000000 544
1000000000000 545
1000000000000 546
1000000000000 547
1000000000000 548
1000000000000 549
1000000000000 550
1000000000000 551
1000000000000 552
1000000000000 553
1000000000000 554
1000000000000 555
1000000000000 556
1000000000000 557
1000000000000 558
1000000000000 559
1000000000000 560
1000000000000 561
1000000000000 562
1000000000000 563
1000000000000 564
1000000000000 565
1000000000000 566
1000000000000 567
1000000000000 568
1000000000000 569
1000000000000 570
1000000000000 571
1000000000000 572
1000000000000 573
1000000000000 574
1000000000000 575
1000000000000 576
1000000000000 577
1000000000000 578
1000000000000 579
1000000000000 580
1000000000000 581
1000000000000 582
1000000000000 583
1000000000000 584
1000000000000 585
1000000000000 586
1000000000000 587
1000000000000 588
1000000000000 589
1000000000000 590
1000000000000 591
1000000000000 592
1000000000000 593
1000000000000 594
1000000000000 595
1000000000000 596
1000000000000 597
1000000000000 598
1000000000000 599
1000000000000 600
1000000000000 601
1000000000000 602
1000000000000 603
1000000000000 604
1000000000000 605
1000000000000 606
1000000000000 607
1000000000000 608
1000000000000 609
1000000000000 610
1000000000000 611
1000000000000 612
1000000000000 613
1000000000000 614
1000000000000 615
1000000000000 616
1000000000000 617
1000000000000 618
1000000000000 619
1000000000000 620
1000000000000 621
1000000000000 622
1000000000000 623
1000000000000 624
1000000000000 625
1000000000000 626
1000000000000 627
1000000000000 628
1000000000000 629
1000000000000 630
1000000000000 631
1000000000000 632
1000000000000 633
1000000000000 634
1000000000000 635
1000000000000 636
1000000000000 637
1000000000000 638
1000000000000 639
1000000000000 640
1000000000000 641
1000000000000 642
1000000000000 643
1000000000000 644
1000000000000 645
1000000000000 646
1000000000000 647
1000000000000 648
1000000000000 649
1000000000000 650
1000000000000 651
1000000000000 652
1000000000000 653
1000000000000 654
1000000000000 655
1000000000000 656
1000000000000 657
1000000000000 658
1000000000000 659
1000000000000 660
1000000000000 661
1000000000000 662
1000000000000 663
1000000000000 664
1000000000000 665
1000000000000 666
1000000000000 667
1000000000000 668
1000000000000 669
1000000000000 670
1000000000000 671
1000000000000 672
1000000000000 673
1000000000000 674
1000000000000 675
1000000000000 676
1000000000000 677
1000000000000 678
1000000000000 679
1000000000000 680
1000000000000 681
1000000000000 682
1000000000000 683
1000000000000 684
1000000000000 685
1000000000000 686
1000000000000 687
1000000000000 688
1000000000000 689
1000000000000 690
1000000000000 691
1000000000000 692
1000000000000 693
1000000000000 694
1000000000000 695
1000000000000 696
1000000000000 697
1000000000000 698
1000000000000 699
1000000000000 700
1000000000000 701
1000000000000 702
1000000000000 703
1000000000000 704
1000000000000 705
1000000000000 706
1000000000000 707
1000000000000 708
1000000000000 709
1000000000000 710
1000000000000 711
1000000000000 712
1000000000000 713
1000000000000 714
1000000000000 715
1000000000000 716
1000000000000 717
1000000000000 718
1000000000000 719
1000000000000 720
1000000000000 721
1000000000000 722
1000000000000 723
1000000000000 724
1000000000000 725
1000000000000 726
1000000000000 727
1000000000000 728
1000000000000 729
1000000000000 730
1000000000000 731
1000000000000 732
1000000000000 733
1000000000000 734
1000000000000 735
1000000000000 736
1000000000000 737
1000000000000 738
1000000000000 739
1000000000000 740
1000000000000 741
1000000000000 742
1000000000000 743
1000000000000 744
1000000000000 745
1000000000000 746
1000000000000 747
1000000000000 748
1000000000000 749
1000000000000 750
1000000000000 751
1000000000000 752
1000000000000 753
1000000000000 754
1000000000000 755
1000000000000 756
1000000000000 757
1000000000000 758
1000000000000 759
1000000000000 760
1000000000000 761
1000000000000 762
1000000000000 763
1000000000000 764
1000000000000 765
1000000000000 766
1000000000000 767
1000000000000 768
1000000000000 769
1000000000000 770
1000000000000 771
1000000000000 772
1000000000000 773
1000000000000 774
1000000000000 775
1000000000000 776
1000000000000 777
1000000000000 778
1000000000000 779
1000000000000 780
1000000000000 781
1000000000000 782
1000000000000 783
1000000000000 784
1000000000000 785
1000000000000 786
1000000000000 787
1000000000000 788
1000000000000 789
1000000000000 790
1000000000000 791
1000000000000 792
1000000000000 793
1000000000000 794
1000000000000 795
1000000000000 796
1000000000000 797
1000000000000 798
1000000000000 799
1000000000000 800
1000000000000 801
1000000000000 802
1000000000000 803
1000000000000 804
1000000000000 805
1000000000000 806
1000000000000 807
1000000000000 808
1000000000000 809
1000000000000 810
1000000000000 811
1000000000000 812
1000000000000 813
1000000000000 814
1000000000000 815
1000000000000 816
1000000000000 817
1000000000000 818
1000000000000 819
1000000000000 820
1000000000000 821
1000000000000 822
1000000000000 823
1000000000000 824
1000000000000 825
1000000000000 826
1000000000000 827
1000000000000 828
1000000000000 829
1000000000000 830
1000000000000 831
1000000000000 832
1000000000000 833
1000000000000 834
1000000000000 835
1000000000000 836
1000000000000 837
1000000000000 838
1000000000000 839
1000000000000 840
1000000000000 841
1000000000000 842
1000000000000 843
1000000000000 844
1000000000000 845
1000000000000 846
1000000000000 847
1000000000000 848
1000000000000 849
1000000000000 850
1000000000000 851
1000000000000 852
1000000000000 853
1000000000000 854
1000000000000 855
1000000000000 856
1000000000000 857
1000000000000 858
1000000000000 859
1000000000000 860
1000000000000 861
1000000000000 862
1000000000000 863
1000000000000 864
1000000000000 865
1000000000000 866
1000000000000 867
1000000000000 868
1000000000000 869
1000000000000 870
1000000000000 871
1000000000000 872
1000000000000 873
1000000000000 874
1000000000000 875
1000000000000 876
1000000000000 877
1000000000000 878
1000000000000 879
1000000000000 880
1000000000000 881
1000000000000 882
1000000000000 883
1000000000000 884
1000000000000 885
1000000000000 886
1000000000000 887
1000000000000 888
1000000000000 889
1000000000000 890
1000000000000 891
1000000000000 892
1000000000000 893
1000000000000 894
1000000000000 895
1000000000000 896
1000000000000 897
1000000000000 898
1000000000000 899
1000000000000 900
1000000000000 901
1000000000000 902
1000000000000 903
1000000000000 904
1000000000000 905
1000000000000 906
1000000000000 907
1000000000000 908
1000000000000 909
1000000000000 910
1000000000000 911
1000000000000 912
1000000000000 913
1000000000000 914
1000000000000 915
1000000000000 916
1000000000000 917
1000000000000 918
1000000000000 919
1000000000000 920
1000000000000 921
1000000000000 922
1000000000000 923
1000000000000 924
1000000000000 925
1000000000000 926
1000000000000 927
1000000000000 928
1000000000000 929
1000000000000 930
1000000000000 931
1000000000000 932
1000000000000 933
1000000000000 934
1000000000000 935
1000000000000 936
1000000000000 937
1000000000000 938
1000000000000 939
1000000000000 940
1000000000000 941
1000000000000 942
1000000000000 943
1000000000000 944
1000000000000 945
1000000000000 946
1000000000000 947
1000000000000 948
1000000000000 949
1000000000000 950
1000000000000 951
1000000000000 952
1000000000000 953
1000000000000 954
1000000000000 955
1000000000000 956
1000000000000 957
1000000000000 958
1000000000000 959
1000000000000 960
1000000000000 961
1000000000000 962
1000000000000 963
1000000000000 964
1000000000000 965
1000000000000 966
1000000000000 967
1000000000000 968
1000000000000 969
1000000000000 970
1000000000000 971
1000000000000 972
1000000000000 973
1000000000000 974
1000000000000 975
1000000000000 976
1000000000000 977
1000000000000 978
1000000000000 979
1000000000000 980
1000000000000 981
1000000000000 982
1000000000000 983
1000000000000 984
1000000000000 985
1000000000000 986
1000000000000 987
1000000000000 988
1000000000000 989
1000000000000 990
1000000000000 991
1000000000000 992
1000000000000 993
1000000000000 994
1000000000000 995
1000000000000 996
1000000000000 997
1000000000000 998
1000000000000 999
1000000000000 1000
84
396 46
951 62
559 67
185 81
423 95
174 109
298 116
303 121
838 123
626 132
785 136
428 179
940 186
753 188
95 199
251 212
557 221
483 222
731 231
128 250
758 280
886 283
289 287
774 291
746 304
604 307
11 312
779 323
970 338
312 349
175 373
3 392
304 393
539 423
839 425
420 438
725 457
72 499
346 503
181 533
912 534
306 540
220 542
377 548
567 554
330 556
122 577
393 585
474 586
933 600
846 605
948 613
713 619
526 633
611 636
153 644
688 651
381 659
767 704
1 715
963 725
686 728
81 730
355 744
38 777
485 783
918 790
887 808
200 831
954 853
2 864
755 870
708 880
126 892
836 900
723 913
777 928
763 946
392 955
965 962
507 969
228 978
152 990
673 993
94
676780942698 7
633522366447 17
946958219622 32
220272725037 35
564160297416 87
349405769665 90
585001333694 95
925134101716 104
555158461876 106
414711092910 114
695913068461 128
893721517091 131
894079134758 134
743697713295 136
210337730044 159
425975185523 165
201899874494 177
233239118885 189
47271685607 196
755914748805 218
679592085515 235
836899890551 237
243885912173 240
381878217514 241
258687073429 257
595639286214 263
998018708178 271
586593514682 272
495132033389 289
644739121512 296
287067737540 297
759645503666 313
958827044015 314
19355297834 325
451485638426 349
41080076019 373
192927031636 377
639690635758 382
312638474543 383
386786367918 387
374275262365 391
761385555707 400
473669476715 429
313032117545 431
762279469776 451
168516696541 454
531976888401 455
859091079447 464
398980978958 480
423761001845 501
224647770518 508
184211548227 529
572601389395 530
698353687122 535
769981052874 551
10052354462 554
188557333403 567
712149105632 570
524766512538 578
300422942688 584
387748622509 588
792105475202 612
561089725001 624
669111422857 636
954185483027 637
769753638265 649
550535563150 677
51478329624 698
938460422425 703
923796773355 710
765581597457 728
460775547445 730
787830115635 749
489866921221 761
159432726452 789
505511096331 792
363753820960 796
310109278644 802
835625971228 821
73741804737 827
529985544958 833
447455392228 834
472986665889 840
505458071882 845
863404723337 869
110942203057 884
365520627306 904
892910768171 912
759152243014 926
537959751963 946
133312003328 956
771892368916 976
715617014013 991
415312643526 994
13
87178291200 1
87178291200 2
14529715200 3
3632428800 4
726485760 5
121080960 6
17297280 7
2162160 8
240240 9
24024 10
2184 11
182 12
14 13
13
87178291200 1
43589145600 2
14529715200 3
3632428800 4
726485760 5
121080960 6
17297281 7
2162160 8
240240 9
24024 10
2184 11
182 12
14 13
13
87178291200 1
43589145600 2
14529715200 3
3632428800 4
726485760 5
121080960 6
17297280 7
2162161 8
240240 9
24024 10
2184 11
182 12
14 13
13
87178291200 1
43589145600 2
14529715200 3
3632428800 4
726485760 5
121080960 6
17297280 7
2162160 8
240239 9
24024 10
2184 11
182 12
14 13
14
1000 0
87178291200 1
43589145600 2
14529715200 3
3632428800 4
726485760 5
121080960 6
17297280 7
2162160 8
240240 9
24024 10
2184 11
182 12
14 13
13
87178291200 1
43589145600 2
14529715200 3
3632428800 4
726485760 5
121080960 6
17297280 7
2162160 8
240240 9
24024 10
2184 11
183 12
14 13
13
87178291200 1
43589145600 2
14529715200 3
3632428800 4
726485760 5
121080960 6
17297280 7
2162160 8
240240 9
24024 10
2184 11
182 12
13 13
13
87178291200 1
43589145600 2
14529715200 3
3632428800 4
726485760 5
121080960 6
17297280 7
2162160 8
240240 9
24024 10
2185 11
182 12
14 13
13
87178291200 1
43589145600 2
14529715200 3
3632428800 4
726485760 5
60540480 6
17297280 7
2162160 8
240240 9
24024 10
2184 11
182 12
14 13
13
43589145600 1
43589145600 2
14529715200 3
3632428800 4
726485760 5
121080960 6
17297280 7
2162160 8
240240 9
24024 10
2184 11
182 12
14 13
13
87178291200 1
43589145600 2
14529715199 3
3632428800 4
726485760 5
121080960 6
17297280 7
2162160 8
240240 9
24024 10
2184 11
182 12
14 13
13
87178291200 1
43589145600 2
14529715200 3
3632428800 4
726485760 5
121080960 6
8648640 7
2162160 8
240240 9
24024 10
2184 11
182 12
14 13
37
119 6
565 12
732 18
803 20
688 49
576 96
330 100
608 109
469 143
203 153
885 157
38 179
452 182
514 222
934 231
621 260
463 321
74 378
859 403
505 417
508 431
642 528
91 537
858 559
95 600
217 647
379 691
771 777
913 783
73 838
21 865
36 880
985 909
373 925
888 928
628 951
188 979
13
87178291200 1
43589145600 2
14529715200 3
3632428800 4
726485760 5
121080960 6
17297280 7
2162160 8
240240 9
24024 10
2184 11
182 12
7 13
13
87178291200 1
43589145600 2
14529715200 3
3632428800 4
726485760 5
121080960 6
17297280 7
2162160 8
240240 9
24024 10
2184 11
181 12
14 13
13
87178291200 1
43589145600 2
14529715200 3
7264857600 4
726485760 5
121080960 6
17297280 7
2162160 8
240240 9
24024 10
2184 11
182 12
14 13
14
100000000 0
87178291200 1
43589145600 2
14529715200 3
3632428800 4
726485760 5
121080960 6
17297280 7
2162160 8
240240 9
24024 10
2184 11
182 12
14 13
1
1000000000000 0
95
441 47
23 53
700 61
478 71
274 82
896 88
289 97
137 113
879 152
738 155
780 158
521 164
78 173
143 186
633 196
793 202
185 203
501 223
43 226
864 234
435 255
358 269
629 274
98 289
746 295
742 303
935 307
786 309
154 311
52 314
338 321
151 326
452 347
202 353
703 369
964 374
101 377
939 379
400 410
35 427
510 440
527 446
164 449
412 454
997 463
982 468
711 470
987 480
335 520
194 543
959 557
306 559
672 579
418 580
351 589
791 592
724 601
603 608
459 616
251 619
596 634
178 664
191 666
112 674
611 693
206 703
747 715
469 742
773 755
817 757
610 764
645 770
770 772
276 774
405 787
296 788
252 799
416 801
295 803
263 820
637 829
937 832
661 836
182 849
522 850
91 853
269 866
451 874
881 894
280 919
858 924
45 936
132 969
538 972
792 985
13
87178291200 1
43589145600 2
14529715200 3
3632428800 4
726485760 5
121080960 6
17297279 7
2162160 8
240240 9
24024 10
2184 11
182 12
14 13
13
87178291200 1
43589145600 2
14529715200 3
3632428800 4
363242880 5
121080960 6
17297280 7
2162160 8
240240 9
24024 10
2184 11
182 12
14 13
13
87178291200 1
43589145600 2
14529715201 3
3632428800 4
726485760 5
121080960 6
17297280 7
2162160 8
240240 9
24024 10
2184 11
182 12
14 13
13
87178291200 1
43589145600 2
14529715200 3
3632428800 4
726485760 5
121080960 6
34594560 7
2162160 8
240240 9
24024 10
2184 11
182 12
14 13
14
10000000000 0
87178291200 1
43589145600 2
14529715200 3
3632428800 4
726485760 5
121080960 6
17297280 7
2162160 8
240240 9
24024 10
2184 11
182 12
14 13
10
745 17
989 58
399 209
728 370
316 484
190 541
271 634
794 759
407 874
458 917
13
87178291200 1
43589145600 2
14529715200 3
3632428799 4
726485760 5
121080960 6
17297280 7
2162160 8
240240 9
24024 10
2184 11
182 12
14 13
13
87178291200 1
43589145600 2
14529715200 3
3632428800 4
726485760 5
121080960 6
17297280 7
2162160 8
120120 9
24024 10
2184 11
182 12
14 13
13
87178291200 1
43589145600 2
14529715200 3
3632428800 4
726485760 5
121080960 6
17297280 7
2162160 8
240240 9
48048 10
2184 11
182 12
14 13
2
201 33
5 34
7
548 117
611 172
42 173
466 325
545 677
764 732
199 987
13
87178291200 1
43589145600 2
7264857600 3
3632428800 4
726485760 5
121080960 6
17297280 7
2162160 8
240240 9
24024 10
2184 11
182 12
14 13
13
87178291199 1
43589145600 2
14529715200 3
3632428800 4
726485760 5
121080960 6
17297280 7
2162160 8
240240 9
24024 10
2184 11
182 12
14 13
95
217 10
556 14
211 34
718 54
361 57
677 67
270 76
409 83
967 88
684 95
873 101
717 104
535 115
974 139
445 146
920 148
3 178
931 201
654 220
32 222
243 246
610 267
982 294
450 297
664 308
134 322
306 330
949 333
496 352
590 353
701 365
532 371
835 377
317 381
979 383
324 402
861 405
692 408
465 412
1000 431
783 433
882 438
413 448
437 459
404 479
831 481
816 484
256 496
549 507
177 514
708 533
261 545
710 547
92 561
523 616
201 633
715 636
546 643
844 645
234 664
823 665
939 672
899 676
749 680
262 688
212 697
98 702
512 710
776 736
656 747
406 775
798 777
513 780
282 781
379 784
985 795
665 799
560 811
225 828
28 829
99 844
120 859
5 867
675 875
252 914
596 919
16 936
360 940
564 956
135 962
781 964
519 966
218 980
619 987
210 999
84
125 15
531 17
930 30
217 34
105 49
861 62
508 65
459 72
121 76
43 90
257 110
402 130
664 142
971 146
397 152
462 171
195 194
883 198
743 207
500 232
805 248
592 252
265 276
371 295
466 299
683 331
492 342
818 349
434 361
503 383
198 391
703 394
279 397
505 400
757 401
836 408
935 417
304 437
194 466
570 488
752 501
13 505
901 509
158 511
751 552
381 557
832 562
859 595
448 601
847 605
18 621
539 625
412 631
486 635
990 641
76 645
358 702
419 711
428 713
676 716
621 724
384 728
848 730
481 734
490 756
184 759
104 787
456 806
310 807
537 816
148 828
618 838
56 839
970 861
296 890
239 903
219 946
782 953
25 956
372 960
224 972
489 983
820 993
159 1000
88
456707744454 5
53763603110 39
36902858163 79
509460433033 80
786922171751 82
380145351417 83
214379863437 101
595983913272 103
58558647533 128
384861709146 186
608706377671 189
525600999331 200
271546940880 220
610451673459 250
754690871340 262
252526225862 286
381954396440 292
500473768977 298
690170998618 303
622276911854 310
582346701748 313
289252814115 318
412094749530 325
847028929878 327
55714058927 332
757998907091 338
277096927353 375
119058447219 383
697593991273 390
129673022529 393
8245838090 396
817654749776 453
854613515845 502
67028699542 511
472581238132 521
590815996758 523
981781809093 533
417037680183 546
495197393779 565
713878956655 566
831138347899 569
952002728911 575
597472683484 593
351124248581 594
470654244741 595
184251086304 623
603742606015 632
130556633887 634
600429048407 648
359958522363 657
26866749576 660
289060259857 666
360106703498 667
638700969101 673
704300880235 686
640141505888 704
509500543702 705
970867091443 706
971697547171 711
927085934337 712
373017119331 715
897683024569 728
515669405308 732
626825931653 734
318837916068 742
2942135501 775
354344929650 783
704860293251 798
22580459133 804
351482614532 820
640884095442 854
517265526996 855
572172518410 856
454516665400 871
488090677765 876
715523695404 877
856375464668 881
217286136479 887
727883163475 915
598630983940 919
272538873282 920
555047611753 932
121911200474 934
952864585467 952
636673882923 967
557933363238 975
938658789911 984
915292221221 993
13
87178291200 1
43589145600 2
14529715200 3
3632428800 4
726485760 5
121080960 6
17297280 7
2162160 8
240240 9
24025 10
2184 11
182 12
14 13
13
87178291200 1
43589145600 2
14529715200 3
3632428800 4
726485760 5
121080960 6
17297280 7
2162160 8
240240 9
24024 10
4368 11
182 12
14 13
13
87178291200 1
43589145600 2
14529715200 3
3632428800 4
1452971520 5
121080960 6
17297280 7
2162160 8
240240 9
24024 10
2184 11
182 12
14 13
20
5 89
491 187
126 197
712 206
339 230
78 294
260 318
280 368
29 409
680 445
538 464
163 506
975 526
661 543
231 591
469 709
314 778
6 899
902 920
275 963
13
87178291200 1
21794572800 2
14529715200 3
3632428800 4
726485760 5
121080960 6
17297280 7
2162160 8
240240 9
24024 10
2184 11
182 12
14 13
14
100000 0
87178291200 1
43589145600 2
14529715200 3
3632428800 4
726485760 5
121080960 6
17297280 7
2162160 8
240240 9
24024 10
2184 11
182 12
14 13
13
87178291200 1
43589145600 2
14529715200 3
3632428800 4
726485760 5
121080959 6
17297280 7
2162160 8
240240 9
24024 10
2184 11
182 12
14 13
89
335 2
508 8
723 10
968 12
5 13
123 35
512 37
669 40
657 52
892 87
604 90
475 137
196 150
877 151
126 167
829 206
933 215
303 216
430 226
287 229
886 234
590 248
527 250
442 278
64 280
858 281
931 282
137 286
226 289
525 297
277 299
587 303
159 312
573 331
407 374
183 379
984 387
23 396
95 398
319 401
262 415
616 425
106 426
901 432
814 434
603 444
558 445
264 448
964 452
289 485
491 502
206 512
849 515
707 516
228 536
802 540
413 562
128 586
753 597
377 606
961 609
520 610
182 637
621 651
168 655
40 690
783 699
421 703
317 713
124 722
760 748
476 751
384 762
820 802
304 805
995 810
136 824
419 829
729 832
3 870
542 902
999 931
19 948
270 957
543 960
386 974
993 984
522 988
450 997
13
87178291200 1
43589145600 2
14529715200 3
3632428800 4
726485760 5
121080960 6
17297280 7
2162160 8
240240 9
24024 10
2184 11
364 12
14 13
42
908 31
832 48
779 91
886 100
664 106
409 107
109 116
355 132
874 144
171 188
341 216
640 265
14 306
666 311
269 322
831 328
384 342
592 374
848 378
998 384
244 401
652 439
963 441
353 494
159 509
399 512
284 537
93 551
288 596
131 608
648 634
967 652
498 678
382 705
989 713
473 716
682 732
872 742
587 766
562 767
336 832
463 987
14
1 0
87178291200 1
43589145600 2
14529715200 3
3632428800 4
726485760 5
121080960 6
17297280 7
2162160 8
240240 9
24024 10
2184 11
182 12
14 13
14
1000000 0
87178291200 1
43589145600 2
14529715200 3
3632428800 4
726485760 5
121080960 6
17297280 7
2162160 8
240240 9
24024 10
2184 11
182 12
14 13
14
100 0
87178291200 1
43589145600 2
14529715200 3
3632428800 4
726485760 5
121080960 6
17297280 7
2162160 8
240240 9
24024 10
2184 11
182 12
14 13
13
87178291200 1
43589145600 2
14529715200 3
3632428800 4
726485760 5
121080960 6
17297280 7
2162160 8
240240 9
24024 10
2184 11
182 12
28 13
86
66 45
569 71
668 76
188 82
45 83
683 108
646 115
574 117
942 125
637 136
435 147
10 149
803 150
476 156
527 176
809 177
369 217
148 234
303 240
813 244
195 245
345 264
254 275
993 301
613 302
817 320
441 329
655 350
562 355
885 368
558 439
865 442
114 448
136 449
768 452
895 455
536 459
838 463
78 468
350 470
222 474
750 478
873 482
789 483
903 490
654 498
143 523
697 535
135 554
580 570
457 574
952 591
617 595
180 596
805 605
773 607
604 619
452 624
999 662
399 687
935 695
466 697
844 700
187 704
229 718
528 721
85 743
590 755
656 763
11 780
842 805
605 812
522 814
692 816
499 820
344 842
284 850
744 853
899 859
299 887
506 890
642 907
584 911
879 933
211 945
116 985
2
200 33
5 34
2
202 33
5 34
14
10000 0
87178291200 1
43589145600 2
14529715200 3
3632428800 4
726485760 5
121080960 6
17297280 7
2162160 8
240240 9
24024 10
2184 11
182 12
14 13
7
902 0
901 1
450 2
150 3
37 4
7 5
1 6
7
901 0
901 1
450 2
150 3
37 4
7 5
1 6
84
418 4
887 26
978 28
670 42
558 45
891 47
452 48
335 65
227 82
795 107
935 117
410 149
862 157
438 164
99 173
109 176
131 178
505 195
487 200
296 217
52 218
731 232
679 241
395 242
336 248
429 270
228 279
936 283
280 293
816 294
590 308
166 322
63 337
808 377
239 385
76 393
804 394
961 396
575 401
471 413
613 414
322 417
25 438
738 456
705 465
44 491
175 492
825 496
625 498
787 509
852 520
230 528
276 536
69 550
455 553
713 561
442 563
619 577
489 587
253 633
242 635
399 645
630 678
14 683
20 696
292 715
908 722
717 734
637 776
626 801
694 813
481 833
327 836
987 852
833 854
524 861
351 882
307 901
194 915
975 925
658 943
383 948
448 957
535 1000
13
87178291200 1
43589145601 2
14529715200 3
3632428800 4
726485760 5
121080960 6
17297280 7
2162160 8
240240 9
24024 10
2184 11
182 12
14 13
13
87178291200 1
43589145600 2
14529715200 3
3632428800 4
726485760 5
121080960 6
17297280 7
2162160 8
240240 9
24024 10
2184 11
182 12
14 13
13
87178291200 1
43589145600 2
14529715200 3
3632428800 4
726485760 5
121080960 6
17297280 7
2162160 8
240240 9
24024 10
2184 11
182 12
15 13
13
87178291200 1
43589145600 2
14529715200 3
3632428800 4
726485760 5
242161920 6
17297280 7
2162160 8
240240 9
24024 10
2184 11
182 12
14 13
14
10 0
87178291200 1
43589145600 2
14529715200 3
3632428800 4
726485760 5
121080960 6
17297280 7
2162160 8
240240 9
24024 10
2184 11
182 12
14 13
13
87178291200 1
43589145600 2
14529715200 3
3632428800 4
726485760 5
121080960 6
17297280 7
2162160 8
240240 9
12012 10
2184 11
182 12
14 13
768
286 1
641 2
825 3
308 4
237 5
54 8
421 9
948 10
364 11
258 12
507 14
924 16
128 18
950 19
178 20
151 22
35 23
910 24
136 26
888 27
385 30
85 31
247 33
926 34
889 35
869 36
831 37
175 38
887 39
564 41
654 42
449 43
49 44
682 45
704 46
947 47
546 48
743 49
275 50
320 51
977 52
861 54
607 55
635 56
413 57
146 58
803 59
814 60
878 61
567 62
211 63
82 65
959 67
944 68
310 69
632 70
885 71
251 72
266 73
966 75
339 76
837 77
111 79
840 80
584 82
916 83
741 84
941 85
217 87
26 88
459 89
98 90
940 91
490 92
295 93
479 94
601 95
549 96
712 98
257 100
701 101
65 103
906 104
865 106
30 107
424 108
545 109
826 110
105 111
240 112
873 113
781 114
990 115
838 116
542 117
521 119
807 120
901 121
881 123
346 124
852 125
300 127
195 128
512 129
535 130
563 131
634 132
250 133
116 134
83 135
971 136
389 137
432 138
443 139
161 143
249 144
5 145
202 146
987 147
33 148
348 149
713 150
938 151
152 152
805 154
945 156
742 159
110 160
301 164
609 167
458 168
856 169
721 170
702 171
408 172
615 174
18 175
172 176
444 177
685 180
209 182
177 184
559 185
847 186
384 187
104 188
724 190
355 191
594 192
94 193
142 194
962 195
403 197
210 198
307 199
921 200
145 202
839 203
687 204
801 205
588 206
699 207
787 208
417 210
932 211
681 212
744 213
331 214
359 217
38 218
671 220
985 221
269 222
192 223
723 224
897 225
433 226
287 227
821 228
565 229
441 230
263 231
75 232
117 233
914 234
748 236
167 237
779 239
562 240
228 241
819 242
806 243
344 244
497 245
189 246
267 248
154 249
256 250
792 251
625 252
708 255
616 256
132 257
357 258
581 259
342 260
425 261
896 262
324 263
589 266
522 267
835 269
281 270
872 271
306 272
158 273
78 274
406 275
608 277
480 278
972 279
225 280
313 281
333 283
726 284
734 285
929 286
967 287
998 288
431 290
311 291
566 292
550 293
925 296
504 298
661 299
848 300
638 301
917 302
165 303
677 305
728 307
481 308
857 309
518 310
537 311
996 312
445 314
973 315
833 317
760 321
100 322
340 323
13 324
409 325
768 326
180 327
534 328
321 329
22 330
698 331
371 332
471 334
387 335
705 336
411 337
153 338
133 339
629 340
587 341
720 342
834 344
309 345
77 347
912 348
351 349
855 350
960 351
327 353
460 354
802 355
519 357
220 359
736 361
242 362
303 364
994 365
130 366
828 367
524 368
884 369
119 370
745 371
643 372
312 374
176 375
48 376
798 377
657 378
992 379
438 381
358 382
66 384
849 385
555 386
102 388
536 389
466 390
516 395
714 396
208 397
644 398
118 400
107 401
29 402
341 403
452 404
883 405
401 406
399 408
291 409
989 410
203 411
870 414
365 418
920 419
892 420
907 421
372 422
820 423
520 424
402 426
622 427
676 428
284 429
24 430
579 432
758 436
558 437
296 438
41 439
137 441
822 442
393 443
593 444
995 445
261 446
477 447
727 448
253 449
129 451
875 452
697 453
415 454
930 455
229 456
942 457
426 459
6 460
606 461
491 462
170 463
193 464
423 465
575 469
747 470
57 471
336 472
648 473
913 474
991 475
292 476
205 477
817 478
617 479
325 481
489 482
626 483
390 484
899 485
488 486
60 487
282 489
777 491
923 492
383 494
509 496
42 498
473 499
900 500
84 501
667 504
880 505
55 506
448 507
428 508
478 509
73 510
894 511
683 512
171 515
61 516
494 517
213 518
943 519
561 520
627 521
533 522
427 523
836 524
285 525
800 527
345 528
984 529
378 530
642 532
786 533
109 535
81 536
201 537
382 538
988 539
216 540
376 541
737 542
375 544
653 545
126 546
604 547
430 549
68 550
523 551
353 552
80 554
556 555
652 557
613 560
50 561
461 562
548 563
163 564
14 565
121 566
1000 567
131 568
860 569
40 570
824 571
17 572
350 574
302 575
72 576
961 577
614 578
631 579
420 580
694 581
87 582
818 587
366 588
795 589
174 590
223 591
214 592
983 593
755 595
829 596
88 597
362 598
206 599
583 602
414 603
540 604
809 605
304 606
469 607
680 608
666 609
927 611
143 612
450 613
43 614
664 615
199 616
297 618
577 619
846 621
605 622
367 624
482 626
560 627
86 628
689 629
658 631
503 632
645 636
964 637
706 639
392 640
756 641
715 644
863 645
696 646
47 647
135 648
812 649
197 652
277 653
400 654
595 656
319 657
553 658
501 659
486 660
569 661
949 663
722 664
871 665
675 666
99 667
328 668
356 669
981 670
12 671
270 672
215 673
827 674
909 675
796 676
386 677
315 679
557 680
823 681
381 685
51 686
599 687
230 688
752 690
134 691
639 692
886 693
335 695
200 697
410 698
738 699
157 700
931 701
288 703
442 704
484 706
32 707
3 710
610 712
815 713
505 716
447 719
630 721
893 722
729 723
394 724
498 725
222 726
259 727
36 728
112 729
190 731
785 732
670 734
997 736
858 737
854 738
455 739
238 741
936 743
290 744
181 745
508 746
851 747
487 748
271 749
241 750
898 752
436 753
187 754
463 756
669 758
784 759
276 760
435 762
974 764
322 765
89 766
731 767
620 769
692 770
517 771
279 772
980 773
255 774
278 775
935 777
422 778
53 779
254 780
531 781
467 782
25 783
952 784
499 785
343 786
361 787
419 789
244 790
739 791
866 792
377 793
597 794
790 795
472 796
1 797
166 798
541 800
624 802
986 803
148 804
740 806
647 807
763 808
574 809
585 811
11 812
156 813
774 814
373 815
2 816
867 818
155 819
219 820
144 821
908 822
830 823
525 824
934 826
464 827
236 829
141 830
204 832
799 834
59 835
710 836
946 837
186 838
298 839
922 840
527 841
965 842
783 844
70 845
347 847
612 848
844 851
691 852
293 853
982 856
513 858
10 861
398 862
474 864
813 865
603 866
374 867
510 868
915 869
19 870
483 872
354 873
862 874
751 875
882 876
352 877
396 878
27 879
539 883
330 884
673 885
28 886
434 889
493 893
71 894
179 895
526 896
440 897
7 899
623 901
63 902
106 903
693 904
15 907
532 908
368 909
954 910
218 911
969 912
659 914
248 917
416 921
294 922
586 923
637 924
9 925
832 926
64 927
633 928
407 929
707 932
933 933
771 934
446 935
640 936
618 937
651 938
514 939
905 940
993 941
283 942
476 943
231 944
957 945
668 946
711 947
323 948
530 949
778 952
672 954
314 955
349 956
289 959
127 961
16 962
140 963
730 964
766 966
895 969
678 970
753 972
95 974
843 975
265 976
8 977
39 978
299 979
619 980
596 981
234 982
602 983
69 984
868 986
21 988
665 989
511 990
663 991
649 992
182 993
750 994
646 996
911 997
804 998
571 1000
13
87178291200 1
43589145600 2
14529715200 3
3632428800 4
726485760 5
121080960 6
17297280 7
2162160 8
240240 9
24023 10
2184 11
182 12
14 13
13
87178291200 1
43589145600 2
14529715200 3
3632428800 4
726485760 5
121080960 6
17297280 7
1081080 8
240240 9
24024 10
2184 11
182 12
14 13
57
174918199101 6
730883379687 19
942581991478 35
31333143320 40
482190040222 44
553455077038 50
543944102669 53
418550178508 57
621764180563 91
965445156602 93
447154332403 115
52616810492 124
437245875849 144
40337004670 191
37923217753 211
351236946310 223
257705497828 259
904100700239 312
300051879996 320
747218106976 372
590523257608 382
398463738188 395
728588146591 476
585275031886 483
735004377618 484
37739587055 492
99977547047 519
97704001437 530
489827902199 581
80647002735 593
844069321993 595
351741706360 608
340771736141 633
850014318518 634
583753972605 643
623387771332 651
65543263721 652
423755809296 660
325613262556 663
927268050793 671
243624049755 674
815695446488 677
177634904846 700
808642373269 701
791650984139 751
959825637066 758
452373148281 820
96935515557 823
714379394407 828
555073897156 851
389243467026 853
292027583663 864
756828494859 875
764790291387 913
492732842546 915
654544199488 975
516980940175 981
13
87178291200 1
43589145600 2
14529715200 3
3632428800 4
726485761 5
121080960 6
17297280 7
2162160 8
240240 9
24024 10
2184 11
182 12
14 13
14
100000000000 0
87178291200 1
43589145600 2
14529715200 3
3632428800 4
726485760 5
121080960 6
17297280 7
2162160 8
240240 9
24024 10
2184 11
182 12
14 13
13
87178291200 1
43589145600 2
14529715200 3
3632428800 4
726485760 5
121080960 6
17297280 7
2162160 8
480480 9
24024 10
2184 11
182 12
14 13
13
87178291200 1
43589145600 2
14529715200 3
3632428800 4
726485760 5
121080960 6
17297280 7
2162160 8
240240 9
24024 10
2183 11
182 12
14 13
13
87178291200 1
43589145600 2
14529715200 3
3632428800 4
726485760 5
121080960 6
17297280 7
4324320 8
240240 9
24024 10
2184 11
182 12
14 13
13
87178291200 1
43589145600 2
29059430400 3
3632428800 4
726485760 5
121080960 6
17297280 7
2162160 8
240240 9
24024 10
2184 11
182 12
14 13
13
87178291200 1
43589145600 2
14529715200 3
3632428800 4
726485760 5
121080960 6
17297280 7
2162160 8
240241 9
24024 10
2184 11
182 12
14 13
1
1 0
413
635 1
515 3
3 4
705 6
896 8
618 9
87 10
157 11
754 14
444 16
655 19
796 20
454 22
703 23
975 30
474 31
165 32
640 34
963 36
188 37
224 39
553 40
564 41
849 43
284 44
498 47
876 51
721 53
882 55
507 56
544 58
361 60
991 68
594 85
305 91
612 94
30 99
629 103
506 104
467 106
897 107
85 109
267 111
777 112
485 115
222 116
606 117
838 120
130 125
542 126
988 130
493 136
254 138
13 140
661 142
424 147
139 148
100 155
273 156
457 159
903 161
380 165
696 166
372 168
436 169
413 171
399 173
172 174
326 175
884 176
846 178
879 179
147 180
94 183
958 184
725 186
23 187
937 190
800 191
438 196
529 197
316 201
175 203
753 204
772 206
978 207
144 208
916 210
197 212
334 214
851 215
939 216
342 217
205 221
668 223
841 225
452 227
602 229
653 230
486 233
288 238
270 240
63 241
216 247
72 249
311 253
232 254
979 256
642 260
631 261
693 266
511 269
932 275
582 277
150 279
818 280
518 281
783 282
808 285
42 290
43 291
589 293
878 299
758 311
665 314
275 315
285 316
964 317
628 318
525 323
585 324
418 325
344 326
18 329
781 330
233 331
4 336
345 344
6 345
701 349
225 350
368 351
676 352
426 353
328 355
403 358
120 360
992 362
218 363
40 369
825 370
698 372
66 373
675 376
873 378
949 380
734 382
500 383
946 388
974 391
55 392
534 393
503 395
718 396
620 397
88 400
499 404
8 411
669 412
301 415
112 418
294 419
577 420
245 423
807 428
417 429
410 430
118 431
488 433
295 435
39 436
114 441
730 442
58 443
440 449
864 455
617 458
255 461
487 463
117 464
904 465
476 468
722 470
109 471
619 472
462 473
35 475
491 476
994 478
123 485
866 487
981 492
551 493
81 507
116 508
73 510
689 511
357 513
679 515
479 516
173 517
280 519
944 520
131 526
942 529
367 532
645 533
915 534
729 535
600 536
162 537
815 539
371 544
47 546
386 547
855 548
953 549
119 550
751 551
475 552
299 554
443 555
550 560
110 563
672 564
565 567
501 570
67 576
394 579
983 580
704 581
968 582
250 587
36 588
481 589
590 591
948 597
759 602
240 603
567 605
987 609
187 611
140 612
700 613
756 614
771 615
597 617
607 622
14 623
17 624
437 625
377 626
153 627
44 632
146 634
887 636
174 637
396 645
423 646
928 649
407 657
744 659
609 663
881 666
929 671
307 674
9 675
749 677
10 679
890 680
303 684
340 685
980 686
587 689
235 697
397 699
428 703
899 708
323 709
335 711
431 713
560 721
868 722
105 724
352 725
918 729
208 731
646 732
951 733
658 736
356 737
965 740
268 742
154 744
970 745
221 746
809 749
477 751
616 753
33 755
15 757
38 758
643 759
5 760
572 762
856 765
420 766
430 767
220 768
794 769
234 770
934 772
626 774
580 776
548 780
343 784
647 785
611 787
463 790
504 791
286 793
908 794
469 796
830 798
80 805
429 807
422 808
889 812
752 813
520 814
79 816
954 817
959 821
842 822
517 824
50 826
193 828
347 830
259 831
576 832
840 835
169 836
911 837
69 845
202 847
778 849
159 850
717 851
861 858
792 861
339 863
129 866
604 870
210 876
931 880
990 883
263 886
113 891
621 892
111 895
558 899
196 903
599 906
122 909
24 910
143 912
329 914
1000 917
465 919
986 922
408 925
330 926
930 928
401 929
764 930
574 932
562 934
312 935
269 940
702 941
685 944
869 945
158 948
127 949
935 951
854 956
719 957
383 960
692 961
993 962
317 963
478 966
34 972
578 974
156 985
821 987
152 988
52 989
625 991
651 993
530 994
586 996
845 999
88
634 19
792 29
924 88
154 91
809 105
455 116
511 119
616 124
207 130
762 133
216 138
263 169
482 176
822 180
945 183
839 191
911 255
477 274
926 281
850 312
857 325
219 327
904 336
984 341
419 358
884 384
834 396
235 400
609 401
773 403
171 442
986 447
909 471
584 496
191 499
457 504
281 517
618 529
80 541
561 560
658 561
21 562
248 569
401 577
410 592
224 600
507 603
264 604
694 605
57 615
757 626
87 638
277 657
546 667
446 674
12 676
118 690
841 697
575 703
469 711
471 714
272 722
901 728
690 740
786 750
62 755
324 771
944 794
386 799
464 807
910 817
63 842
590 843
919 869
483 879
396 882
607 888
725 890
302 891
39 909
84 932
517 937
106 959
387 960
736 967
858 978
286 986
124 991
